% Case saved by PowerWorld Simulator, version 19, build date July 14, 2016
function mpc = Fall116
mpc.version = '2';
mpc.baseMVA =  100.00;

%% bus data 
mpc.bus = [
      1 2      0.00     0.00      0.00     0.00    1 1.1061680   -24.05784  345.00   1   1.060   1.000    27.20     0.00 0  0
      2 1    101.14    28.89      0.00     0.00    1 1.0302095   -24.10007  345.00   1   1.040   0.950    27.19    -0.02 0  0
      3 2      0.00     0.00      0.00     0.00    1 1.0200000   -12.72250  138.00   1   1.060   1.000    26.35     0.00 0  0
      4 1     73.78    19.06      0.00     0.00    1 0.9768926   -25.25088  138.00   1   1.040   0.950    27.17    -0.01 0  0
      5 1     86.85    32.86      0.00     0.00    1 0.9839283   -22.59555  230.00   1   1.040   0.950    27.16    -0.00 0  0
      6 1     78.70    25.57      0.00     0.00    1 1.0085586   -11.32376  138.00   1   1.040   0.950    27.15     0.00 0  0
      7 2    133.37    53.51      0.00     0.00    1 1.0112515   -21.85521  138.00   1   1.060   1.000    27.16     0.00 0  0
      8 2    106.38    32.64      0.00     0.00    1 1.0200000   -19.99552  230.00   1   1.060   1.000    27.16     0.00 0  0
      9 1      0.00     0.00      0.00     0.00    1 1.0265898   -21.42567  345.00   1   1.040   0.950    27.16    -0.00 0  0
     10 3     80.42    22.57      0.00     0.00    1 1.0200000     0.00000  138.00   1   1.060   1.000    27.15     0.00 0  0
     11 1      0.00     0.00      0.00     0.00    1 1.0166697    -1.16071  138.00   1   1.040   0.950    27.15    -0.00 0  0
     12 1      2.40     0.76      0.00     0.00    1 1.0156425    -2.08548  138.00   1   1.040   0.950    27.15    -0.00 0  0
     13 1      0.00     0.00      0.00     0.00    1 1.0150467    -4.48266  345.00   1   1.040   0.950    27.15    -0.00 0  0
     14 1    103.76    32.50      0.00     0.00    1 1.0104694   -11.96178  230.00   1   1.040   0.950    27.15    -0.00 0  0
     15 1    124.80    30.22      0.00     0.00    1 1.0020399   -16.11287  230.00   1   1.040   0.950    27.14    -0.00 0  0
     16 1    146.12    35.66      0.00     0.00    1 1.0007285   -19.41225  138.00   1   1.040   0.950    27.13    -0.00 0  0
     17 1     79.22    24.51      0.00     0.00    1 0.9799777   -22.12394  138.00   1   1.040   0.950    27.02     0.02 0  0
     18 1     90.24    23.90      0.00     0.00    1 0.9798288   -21.41353  138.00   1   1.040   0.950    26.66     0.12 0  0
     19 1     93.17    28.84      0.00     0.00    1 0.9803264   -19.79412  138.00   1   1.040   0.950    27.15    -0.00 0  0
     20 1     90.90    28.28      0.00     0.00    1 0.9959804   -16.99505   69.00   1   1.040   0.950    27.15    -0.00 0  0
     21 1    128.60    33.70      0.00     0.00    1 0.9712851   -22.80270  138.00   1   1.040   0.950    27.14    -0.00 0  0
     22 1    114.81    36.41      0.00     0.00    1 0.9897584    -8.30778  230.00   1   1.040   0.950    27.15    -0.00 0  0
     23 1     87.45    25.48      0.00     0.00    1 0.9934543   -10.67052  230.00   1   1.040   0.950    27.15    -0.00 0  0
     24 2    104.88    36.58      0.00     0.00    1 1.0042170   -13.63543  230.00   1   1.060   1.000    27.15    -0.00 0  0
     25 1     69.89    16.85      0.00     0.00    1 1.0053298   -24.23780  230.00   1   1.040   0.950    27.17    -0.00 0  0
     26 2     85.95    23.64      0.00     0.00    1 1.0200000   -34.24801  345.00   1   1.060   1.000    27.16    -0.01 0  0
     27 1     89.44    24.75      0.00     0.00    1 0.9884616   -32.41102  230.00   1   1.040   0.950    27.14     0.00 0  0
     28 2    130.99    37.20      0.00     0.00    1 1.0200000   -28.25272  138.00   1   1.060   1.000    27.15     0.00 0  0
     29 1     81.99    22.32      0.00     0.00    1 1.0155092   -26.07971  138.00   1   1.040   0.950    27.15    -0.00 0  0
     30 2      0.00     0.00      0.00     0.00    1 1.0200000   -22.39808   14.00   1   1.060   1.000    27.19     0.00 0  0
     31 2      0.00     0.00      0.00     0.00    1 1.0200000    -6.68973   14.00   1   1.060   1.000    27.15     0.00 0  0
     32 2      0.00     0.00      0.00     0.00    1 1.0200000     2.47732   14.00   1   1.060   1.000    27.15     0.00 0  0
     33 2    120.54    31.86      0.00     0.00    1 1.0055735   -16.54154   14.00   1   1.060   1.000    27.15    -0.00 0  0
     34 2     74.86    23.10      0.00     0.00    1 1.0200000   -13.68747   14.00   1   1.060   1.000    27.15     0.00 0  0
     35 2      0.00     0.00      0.00     0.00    1 1.0200000     2.09371   14.00   1   1.060   1.000    27.15     0.00 0  0
     36 2      0.00     0.00      0.00     0.00    1 1.0200000    -7.72760   14.00   1   1.060   1.000    27.15     0.00 0  0
     37 2      0.00     0.00      0.00     0.00    1 1.0200000   -22.47048   14.00   1   1.060   1.000    27.17     0.00 0  0
     38 2      0.00     0.00      0.00     0.00    1 1.0200000   -23.61225   14.00   1   1.060   1.000    27.15     0.00 0  0
     39 1     79.83    24.25      0.00     0.00    1 1.0203240   -31.40511  345.00   1   1.040   0.950    27.17    -0.02 0  0
     40 1     81.74    27.05      0.00     0.00    1 1.0103134   -35.50588  345.00   1   1.040   0.950    27.16    -0.01 0  0
     41 1    106.76    28.18      0.00     0.00    1 0.9920974   -31.73184  345.00   1   1.040   0.950    27.14     0.00 0  0
     42 1    118.30    33.69      0.00     0.00    1 1.0204267   -37.36032  345.00   1   1.040   0.950    27.15    -0.01 0  0
     43 1    105.39    31.87      0.00     0.00    1 1.0168073   -34.48093  345.00   1   1.040   0.950    27.16    -0.01 0  0
     44 1     75.13    21.52      0.00     0.00    1 1.0083673   -23.56679  230.00   1   1.040   0.950    27.16    -0.00 0  0
     45 1    107.53    29.35      0.00     0.00    1 1.0148679   -23.29563  345.00   1   1.040   0.950    27.17    -0.00 0  0
     46 1     96.55    29.27      0.00     0.00    1 0.9630960   -25.39676  138.00   1   1.040   0.950    27.16    -0.00 0  0
     47 1     87.12    26.36      0.00     0.00    1 0.9260996   -28.88031  138.00   1   1.040   0.950    27.16    -0.00 0  0
     48 1    104.22    33.89      0.00     0.00    1 0.9756403   -25.76033  345.00   1   1.040   0.950    27.17    -0.01 0  0
     49 2     68.74    23.86      0.00     0.00    1 1.0200000   -19.43952  138.00   1   1.060   1.000    27.16     0.00 0  0
     50 1    101.21    29.17      0.00     0.00    1 0.9869683   -24.43503  138.00   1   1.040   0.950    27.17    -0.00 0  0
     51 1     85.55    29.92      0.00     0.00    1 0.9717081   -28.45004  138.00   1   1.040   0.950    27.16    -0.00 0  0
     52 2    108.95    33.16      0.00     0.00    1 1.0200000   -23.05797  345.00   1   1.060   1.000    27.17     0.00 0  0
     53 1    157.78    40.55      0.00     0.00    1 0.9694885   -27.49267  138.00   1   1.040   0.950    27.16    -0.00 0  0
     54 2     74.31    30.04      0.00     0.00    1 1.0200000   -19.39848  230.00   1   1.060   1.000    27.16     0.00 0  0
     55 1    103.82    28.82      0.00     0.00    1 1.0057192   -22.82353  230.00   1   1.040   0.950    27.16    -0.00 0  0
     56 2    115.95    34.09      0.00     0.00    1 1.0128190   -11.82619  345.00   1   1.060   1.000    27.14    -0.00 0  0
     57 1     64.33    21.01      0.00     0.00    1 0.9435830   -27.24774  138.00   1   1.040   0.950    27.16    -0.00 0  0
     58 1    131.28    45.31      0.00     0.00    1 0.9981039   -12.88466  345.00   1   1.040   0.950    27.15    -0.00 0  0
     59 1     83.07    30.83      0.00     0.00    1 1.0056089   -15.24943  345.00   1   1.040   0.950    27.14    -0.00 0  0
     60 1     94.14    31.01      0.00     0.00    1 0.9475354   -25.19718  138.00   1   1.040   0.950    27.16    -0.00 0  0
     61 1    111.43    36.83      0.00     0.00    1 1.0047058   -17.94345  230.00   1   1.040   0.950    27.14    -0.00 0  0
     62 1    103.81    32.50      0.00     0.00    1 0.9918458   -13.74466  345.00   1   1.040   0.950    27.15    -0.00 0  0
