% Case saved by PowerWorld Simulator, version 19, build date July 14, 2016
function mpc = Fall106
mpc.version = '2';
mpc.baseMVA =  100.00;

%% bus data 
mpc.bus = [
      1 2      0.00     0.00      0.00     0.00    1 1.1170028   -22.03528  345.00   1   1.060   1.000    26.74     0.00 0  0
      2 1     97.82    26.80      0.00     0.00    1 1.0392168   -22.04988  345.00   1   1.040   0.950    26.74    -0.01 0  0
      3 2      0.00     0.00      0.00     0.00    1 1.0200000   -11.45042  138.00   1   1.060   1.000    26.35     0.00 0  0
      4 1     70.00    17.29      0.00     0.00    1 0.9888237   -22.52547  138.00   1   1.040   0.950    26.73    -0.00 0  0
      5 1     74.91    26.86      0.00     0.00    1 0.9924270   -19.98240  230.00   1   1.040   0.950    26.72    -0.00 0  0
      6 1     70.06    22.37      0.00     0.00    1 1.0133049   -10.24400  138.00   1   1.040   0.950    26.72     0.00 0  0
      7 2    108.60    41.69      0.00     0.00    1 1.0200000   -19.23210  138.00   1   1.060   1.000    26.72     0.00 0  0
      8 2    100.23    29.38      0.00     0.00    1 1.0200000   -17.52297  230.00   1   1.060   1.000    26.73     0.00 0  0
      9 1      0.00     0.00      0.00     0.00    1 1.0296307   -18.86321  345.00   1   1.040   0.950    26.73    -0.00 0  0
     10 3     70.73    18.59      0.00     0.00    1 1.0200000     0.00000  138.00   1   1.060   1.000    26.72     0.00 0  0
     11 1      0.00     0.00      0.00     0.00    1 1.0175162    -1.05284  138.00   1   1.040   0.950    26.72    -0.00 0  0
     12 1      2.11     0.62      0.00     0.00    1 1.0169513    -1.89644  138.00   1   1.040   0.950    26.72    -0.00 0  0
     13 1      0.00     0.00      0.00     0.00    1 1.0172474    -4.08558  345.00   1   1.040   0.950    26.72    -0.00 0  0
     14 1     97.39    27.81      0.00     0.00    1 1.0163594   -10.90310  230.00   1   1.040   0.950    26.72    -0.00 0  0
     15 1    120.95    27.77      0.00     0.00    1 1.0103230   -14.78171  230.00   1   1.040   0.950    26.72     0.00 0  0
     16 1    143.27    32.92      0.00     0.00    1 1.0079157   -17.98200  138.00   1   1.040   0.950    26.71    -0.00 0  0
     17 1     69.28    20.01      0.00     0.00    1 0.9915340   -20.20745  138.00   1   1.040   0.950    26.66     0.01 0  0
     18 1     81.27    20.48      0.00     0.00    1 0.9898659   -19.35002  138.00   1   1.040   0.950    26.49     0.05 0  0
     19 1     85.59    24.13      0.00     0.00    1 0.9958916   -17.80241  138.00   1   1.040   0.950    26.72    -0.00 0  0
     20 1     82.57    23.82      0.00     0.00    1 1.0040885   -15.23102   69.00   1   1.040   0.950    26.72    -0.00 0  0
     21 1    123.71    31.36      0.00     0.00    1 0.9880273   -20.79847  138.00   1   1.040   0.950    26.72    -0.00 0  0
     22 1    110.52    32.85      0.00     0.00    1 0.9992968    -7.56311  230.00   1   1.040   0.950    26.72    -0.00 0  0
     23 1     79.28    21.61      0.00     0.00    1 1.0012947    -9.55362  230.00   1   1.040   0.950    26.72    -0.00 0  0
     24 2     91.58    30.31      0.00     0.00    1 1.0151835   -12.43819  230.00   1   1.060   1.000    26.72    -0.00 0  0
     25 1     67.59    15.14      0.00     0.00    1 1.0116652   -22.01649  230.00   1   1.040   0.950    26.73    -0.00 0  0
     26 2     80.97    20.45      0.00     0.00    1 1.0200000   -31.62060  345.00   1   1.060   1.000    26.72     0.00 0  0
     27 1     80.58    21.16      0.00     0.00    1 0.9988335   -29.76459  230.00   1   1.040   0.950    26.72     0.00 0  0
     28 2    125.49    33.39      0.00     0.00    1 1.0200000   -26.04008  138.00   1   1.060   1.000    26.72     0.00 0  0
     29 1     73.17    19.09      0.00     0.00    1 1.0169862   -23.88626  138.00   1   1.040   0.950    26.72     0.00 0  0
     30 2      0.00     0.00      0.00     0.00    1 1.0284587   -20.51108   14.00   1   1.060   1.000    26.74     0.00 0  0
     31 2      0.00     0.00      0.00     0.00    1 1.0200000    -6.00321   14.00   1   1.060   1.000    26.72     0.00 0  0
     32 2      0.00     0.00      0.00     0.00    1 1.0200000     2.27806   14.00   1   1.060   1.000    26.72     0.00 0  0
     33 2    114.45    29.28      0.00     0.00    1 1.0200000   -14.93186   14.00   1   1.060   1.000    26.72    -0.00 0  0
     34 2     65.58    19.24      0.00     0.00    1 1.0200000   -12.16330   14.00   1   1.060   1.000    26.72     0.00 0  0
     35 2      0.00     0.00      0.00     0.00    1 1.0200000     1.90196   14.00   1   1.060   1.000    26.72     0.00 0  0
     36 2      0.00     0.00      0.00     0.00    1 1.0200000    -6.86256   14.00   1   1.060   1.000    26.72     0.00 0  0
     37 2      0.00     0.00      0.00     0.00    1 1.0200000   -20.39385   14.00   1   1.060   1.000    26.73     0.00 0  0
     38 2      0.00     0.00      0.00     0.00    1 1.0200000   -21.61714   14.00   1   1.060   1.000    26.72     0.00 0  0
     39 1     74.11    20.99      0.00     0.00    1 1.0265294   -28.90306  345.00   1   1.040   0.950    26.73    -0.01 0  0
     40 1     76.12    23.43      0.00     0.00    1 1.0131953   -32.79191  345.00   1   1.040   0.950    26.72    -0.00 0  0
     41 1    103.55    24.86      0.00     0.00    1 1.0020046   -29.21662  345.00   1   1.040   0.950    26.72     0.00 0  0
     42 1    116.57    32.29      0.00     0.00    1 1.0264956   -34.66724  345.00   1   1.040   0.950    26.72    -0.00 0  0
     43 1    101.27    28.83      0.00     0.00    1 1.0186077   -31.83644  345.00   1   1.040   0.950    26.72    -0.00 0  0
     44 1     64.21    17.77      0.00     0.00    1 1.0115304   -20.86798  230.00   1   1.040   0.950    26.73    -0.00 0  0
     45 1     99.54    24.99      0.00     0.00    1 1.0165326   -20.64270  345.00   1   1.040   0.950    26.73    -0.00 0  0
     46 1     88.41    24.42      0.00     0.00    1 0.9756015   -22.49686  138.00   1   1.040   0.950    26.72    -0.00 0  0
     47 1     78.20    22.24      0.00     0.00    1 0.9456833   -25.61115  138.00   1   1.040   0.950    26.72    -0.00 0  0
     48 1     97.09    29.34      0.00     0.00    1 0.9886627   -23.02086  345.00   1   1.040   0.950    26.73    -0.01 0  0
     49 2     56.55    18.62      0.00     0.00    1 1.0200000   -16.93647  138.00   1   1.060   1.000    26.73     0.00 0  0
     50 1     92.67    24.58      0.00     0.00    1 0.9938620   -21.48645  138.00   1   1.040   0.950    26.73    -0.00 0  0
     51 1     77.45    25.52      0.00     0.00    1 0.9876371   -25.21776  138.00   1   1.040   0.950    26.73    -0.00 0  0
     52 2    103.14    29.05      0.00     0.00    1 1.0200000   -20.42682  345.00   1   1.060   1.000    26.73     0.00 0  0
     53 1    159.50    39.86      0.00     0.00    1 0.9831644   -24.50439  138.00   1   1.040   0.950    26.72    -0.00 0  0
     54 2     59.59    23.06      0.00     0.00    1 1.0200000   -16.94934  230.00   1   1.060   1.000    26.73     0.00 0  0
     55 1     97.38    25.55      0.00     0.00    1 1.0101140   -20.24699  230.00   1   1.040   0.950    26.72    -0.00 0  0
     56 2    107.63    30.54      0.00     0.00    1 1.0200000   -10.86836  345.00   1   1.060   1.000    26.72     0.00 0  0
     57 1     51.31    16.27      0.00     0.00    1 0.9618456   -24.25424  138.00   1   1.040   0.950    26.72    -0.00 0  0
     58 1    130.42    43.64      0.00     0.00    1 1.0036377   -11.80163  345.00   1   1.040   0.950    26.72    -0.00 0  0
     59 1     74.50    26.37      0.00     0.00    1 1.0145355   -14.00095  345.00   1   1.040   0.950    26.71     0.00 0  0
     60 1     85.52    26.08      0.00     0.00    1 0.9639826   -22.60770  138.00   1   1.040   0.950    26.72    -0.00 0  0
     61 1    105.20    32.99      0.00     0.00    1 1.0140859   -16.48696  230.00   1   1.040   0.950    26.72     0.00 0  0
     62 1     97.32    27.85      0.00     0.00    1 0.9982774   -12.60205  345.00   1   1.040   0.950    26.72    -0.00 0  0
