% Case saved by PowerWorld Simulator, version 19, build date July 14, 2016
function mpc = Spring4
mpc.version = '2';
mpc.baseMVA =  100.00;

%% bus data 
mpc.bus = [
      1 2      0.00     0.00      0.00     0.00    1 1.0364113   -17.50047  345.00   1   1.100   0.980    24.12     0.00 0  0
      2 1     62.89    18.16      0.00     0.00    1 1.0320242   -17.69412  345.00   1   1.060   0.920    24.19     0.06 0  0
      3 2      0.00     0.00      0.00     0.00    1 1.0200000    -6.71806  138.00   1   1.100   0.980    23.88     0.00 0  0
      4 1     45.23    11.52      0.00     0.00    1 1.0135599   -12.23918  138.00   1   1.060   0.920    23.47    -0.00 0  0
      5 1     46.38    15.33      0.00     0.00    1 1.0119449    -9.97502  230.00   1   1.060   0.920    23.45    -0.00 0  0
      6 1     42.24    12.72      0.00     0.00    1 1.0144876    -7.87502  138.00   1   1.060   0.920    23.39     0.01 0  0
      7 2     65.49    21.70      0.00     0.00    1 1.0200000    -8.97495  138.00   1   1.100   0.980    23.45     0.00 0  0
      8 2     62.49    17.95      0.00     0.00    1 1.0200000    -7.14952  230.00   1   1.100   0.980    23.45     0.00 0  0
      9 1      0.00     0.00      0.00     0.00    1 1.0338385    -8.29021  345.00   1   1.060   0.920    23.45    -0.00 0  0
     10 3     43.87    13.78      0.00     0.00    1 1.0200000     0.00000  138.00   1   1.100   0.980    23.28     0.00 0  0
     11 1      0.00     0.00      0.00     0.00    1 1.0188322    -0.79357  138.00   1   1.060   0.920    23.27    -0.00 0  0
     12 1      1.31     0.39      0.00     0.00    1 1.0188853    -1.41690  138.00   1   1.060   0.920    23.27    -0.00 0  0
     13 1      0.00     0.00      0.00     0.00    1 1.0201110    -3.04858  345.00   1   1.060   0.920    23.28    -0.00 0  0
     14 1     60.65    16.72      0.00     0.00    1 1.0227335    -7.84005  230.00   1   1.060   0.920    23.29    -0.00 0  0
     15 1     76.32    16.39      0.00     0.00    1 1.0171911   -10.01793  230.00   1   1.060   0.920    23.42     0.01 0  0
     16 1     95.06    19.65      0.00     0.00    1 1.0137735   -12.52224  138.00   1   1.060   0.920    23.54     0.03 0  0
     17 1     43.40    12.87      0.00     0.00    1 1.0017371   -14.35279  138.00   1   1.060   0.920    23.77     0.05 0  0
     18 1     51.76    14.13      0.00     0.00    1 1.0050625   -12.61702  138.00   1   1.060   0.920    23.82     0.01 0  0
     19 1     54.51    14.84      0.00     0.00    1 0.9978413   -18.54135  138.00   1   1.060   0.920    21.83    -0.00 0  0
     20 1     51.63    16.44      0.00     0.00    1 0.9913626   -19.60156   69.00   1   1.060   0.920    21.83    -0.00 0  0
     21 1     80.48    17.85      0.00     0.00    1 1.0013560   -16.87536  138.00   1   1.060   0.920    23.07    -0.01 0  0
     22 1     70.04    18.26      0.00     0.00    1 1.0087336    -7.44398  230.00   1   1.060   0.920    22.75    -0.02 0  0
     23 1     49.73    12.60      0.00     0.00    1 0.9919662   -10.03649  230.00   1   1.060   0.920    22.82    -0.01 0  0
     24 2     58.22    16.83      0.00     0.00    1 1.0200000    -9.90081  230.00   1   1.100   0.980    23.08     0.00 0  0
     25 1     43.46    10.61      0.00     0.00    1 1.0081862   -19.71151  230.00   1   1.060   0.920    24.16     0.13 0  0
     26 2     52.47    14.18      0.00     0.00    1 1.0200000   -29.05242  345.00   1   1.100   0.980    25.44     0.00 0  0
     27 1     46.76    14.29      0.00     0.00    1 1.0180295   -29.72759  230.00   1   1.060   0.920    25.86     0.17 0  0
     28 2     83.90    24.91      0.00     0.00    1 1.0200000   -33.75189  138.00   1   1.100   0.980    26.66     0.00 0  0
     29 1     48.58    11.00      0.00     0.00    1 1.0224548   -36.93414  138.00   1   1.060   0.920    26.67    -0.01 0  0
     30 2      0.00     0.00      0.00     0.00    1 1.0200000   -16.39020   14.00   1   1.100   0.980    24.19     0.00 0  0
     31 2      0.00     0.00      0.00     0.00    1 1.0144876    -7.87502   14.00   1   1.100   0.980    23.39     0.01 0  0
     32 2      0.00     0.00      0.00     0.00    1 1.0200000     0.00000   14.00   1   1.100   0.980    23.28     0.00 0  0
     33 2     75.69    16.36      0.00     0.00    1 1.0200000   -15.99712   14.00   1   1.100   0.980    21.84     0.00 0  0
     34 2     40.49    12.54      0.00     0.00    1 0.9886847   -20.02103   14.00   1   1.100   0.980    21.83    -0.00 0  0
     35 2      0.00     0.00      0.00     0.00    1 1.0200000     0.37035   14.00   1   1.100   0.980    22.76     0.00 0  0
     36 2      0.00     0.00      0.00     0.00    1 0.9919662   -10.03649   14.00   1   1.100   0.980    22.82    -0.01 0  0
     37 2      0.00     0.00      0.00     0.00    1 1.0081862   -19.71151   14.00   1   1.100   0.980    24.16     0.13 0  0
     38 2      0.00     0.00      0.00     0.00    1 1.0224548   -36.93414   14.00   1   1.100   0.980    26.67    -0.01 0  0
     39 1     47.54    13.97      0.00     0.00    1 1.0263216   -25.00616  345.00   1   1.060   0.920    24.89     0.10 0  0
     40 1     49.31    14.66      0.00     0.00    1 1.0179912   -29.39435  345.00   1   1.060   0.920    25.36     0.03 0  0
     41 1     67.26    16.67      0.00     0.00    1 1.0184430   -28.63029  345.00   1   1.060   0.920    25.72     0.14 0  0
     42 1     75.63    20.82      0.00     0.00    1 1.0360818   -33.48301  345.00   1   1.060   0.920    25.84     0.03 0  0
     43 1     64.45    21.61      0.00     0.00    1 1.0203290   -28.76961  345.00   1   1.060   0.920    25.35     0.03 0  0
     44 1     39.56    12.87      0.00     0.00    1 1.0170920   -10.20064  230.00   1   1.060   0.920    23.46     0.00 0  0
     45 1     62.71    16.99      0.00     0.00    1 1.0194104   -10.01809  345.00   1   1.060   0.920    23.46     0.00 0  0
     46 1     55.81    14.50      0.00     0.00    1 1.0035056   -11.58580  138.00   1   1.060   0.920    23.45    -0.00 0  0
     47 1     48.59    13.67      0.00     0.00    1 0.9883405   -13.77770  138.00   1   1.060   0.920    23.45     0.00 0  0
     48 1     61.02    15.45      0.00     0.00    1 1.0174817   -12.57631  345.00   1   1.060   0.920    23.48     0.00 0  0
     49 2     34.84     9.56      0.00     0.00    1 1.0200000    -6.61401  138.00   1   1.100   0.980    23.46     0.00 0  0
     50 1     59.09    15.45      0.00     0.00    1 1.0070438   -10.01821  138.00   1   1.060   0.920    23.46     0.00 0  0
     51 1     46.83    13.39      0.00     0.00    1 1.0179158   -12.36730  138.00   1   1.060   0.920    23.45     0.00 0  0
     52 2     63.89    19.46      0.00     0.00    1 1.0200000    -9.86530  345.00   1   1.100   0.980    23.46     0.00 0  0
     53 1    100.29    23.79      0.00     0.00    1 1.0110771   -12.28171  138.00   1   1.060   0.920    23.45     0.00 0  0
     54 2     35.23    11.34      0.00     0.00    1 1.0200000    -6.63002  230.00   1   1.100   0.980    23.45     0.00 0  0
     55 1     60.24    17.48      0.00     0.00    1 1.0177948    -9.92148  230.00   1   1.060   0.920    23.46     0.00 0  0
     56 2     69.96    14.86      0.00     0.00    1 1.0200000    -7.24301  345.00   1   1.100   0.980    23.42     0.00 0  0
     57 1     30.80    10.53      0.00     0.00    1 0.9991029   -12.97288  138.00   1   1.060   0.920    23.44     0.00 0  0
     58 1     80.24    24.23      0.00     0.00    1 1.0135301    -8.07296  345.00   1   1.060   0.920    23.38     0.00 0  0
     59 1     45.22    14.37      0.00     0.00    1 1.0194117    -9.52346  345.00   1   1.060   0.920    23.46     0.02 0  0
     60 1     52.93    16.32      0.00     0.00    1 0.9971254   -12.68541  138.00   1   1.060   0.920    23.43     0.01 0  0
     61 1     65.37    17.34      0.00     0.00    1 1.0188672   -10.88541  230.00   1   1.060   0.920    23.46     0.01 0  0
     62 1     61.16    15.88      0.00     0.00    1 1.0108434    -8.56989  345.00   1   1.060   0.920    23.38     0.00 0  0
