% Case saved by PowerWorld Simulator, version 19, build date July 14, 2016
function mpc = summer69_1
mpc.version = '2';
mpc.baseMVA =  100.00;

%% bus data 
mpc.bus = [
      1 2      0.00     0.00      0.00     0.00    1 1.0200000    11.14504  345.00   1   1.060   1.000    28.61     0.00 0  0
      2 1    112.38    37.54      0.00     0.00    1 1.0080792   -11.99086  345.00   1   1.040   0.950    28.60    -0.01 0  0
      3 2      0.00     0.00      0.00     0.00    1 1.0200000     4.18790  138.00   1   1.060   1.000    26.44     0.00 0  0
      4 1     87.55    26.86      0.00     0.00    1 0.9677274    -9.28076  138.00   1   1.040   0.950    28.86    -0.02 0  0
      5 1    109.30    40.96      0.00     0.00    1 0.9873309    -4.77861  230.00   1   1.040   0.950    28.86    -0.00 0  0
      6 1    102.05    33.37      0.00     0.00    1 1.0012160    -5.81229  138.00   1   1.040   0.950    28.85     0.00 0  0
      7 2    172.77    62.18      0.00     0.00    1 1.0200000     2.09981  138.00   1   1.060   1.000    28.86     0.00 0  0
      8 2    132.47    41.05      0.00     0.00    1 1.0200000     1.30865  230.00   1   1.060   1.000    28.86     0.00 0  0
      9 1      0.00     0.00      0.00     0.00    1 1.0265513    -0.02094  345.00   1   1.040   0.950    28.86    -0.00 0  0
     10 3    100.95    34.84      0.00     0.00    1 1.0200000     0.00000  138.00   1   1.060   1.000    28.86     0.00 0  0
     11 1      0.00     0.00      0.00     0.00    1 1.0160083    -0.96977  138.00   1   1.040   0.950    28.86     0.00 0  0
     12 1      3.01     1.16      0.00     0.00    1 1.0156427    -1.54256  138.00   1   1.040   0.950    28.86     0.00 0  0
     13 1      0.00     0.00      0.00     0.00    1 1.0165450    -2.92356  345.00   1   1.040   0.950    28.86     0.00 0  0
     14 1    129.40    46.16      0.00     0.00    1 1.0100199    -8.45108  230.00   1   1.040   0.950    28.86    -0.00 0  0
     15 1    152.78    47.33      0.00     0.00    1 0.9948944   -11.46126  230.00   1   1.040   0.950    28.84     0.00 0  0
     16 1    179.34    51.40      0.00     0.00    1 0.9978459   -17.85374  138.00   1   1.040   0.950    28.80     0.00 0  0
     17 1    102.91    28.92      0.00     0.00    1 0.9646914   -19.37048  138.00   1   1.040   0.950    28.48     0.08 0  0
     18 1    115.54    36.02      0.00     0.00    1 0.9535103   -11.96049  138.00   1   1.040   0.950    27.40     0.39 0  0
     19 1    119.43    31.61      0.00     0.00    1 0.9762359   -22.06313  138.00   1   1.040   0.950    28.90     0.00 0  0
     20 1    118.61    33.43      0.00     0.00    1 0.9949511   -21.17435   69.00   1   1.040   0.950    28.90     0.00 0  0
     21 1    161.42    44.93      0.00     0.00    1 0.9576514   -24.33088  138.00   1   1.040   0.950    28.90     0.01 0  0
     22 1    148.34    43.59      0.00     0.00    1 0.9818257   -10.42037  230.00   1   1.040   0.950    28.92    -0.00 0  0
     23 1    113.75    38.34      0.00     0.00    1 0.9969122    -6.66059  230.00   1   1.040   0.950    28.74     0.01 0  0
     24 2    136.49    48.94      0.00     0.00    1 1.0200000   -10.88757  230.00   1   1.060   1.000    28.86     0.00 0  0
     25 1     77.66    25.60      0.00     0.00    1 0.9934698   -19.61084  230.00   1   1.040   0.950    30.71    -0.14 0  0
     26 2     95.21    27.16      0.00     0.00    1 1.0200000   -26.82193  345.00   1   1.060   1.000    28.74     0.00 0  0
     27 1    114.76    38.04      0.00     0.00    1 0.9682625   -28.72567  230.00   1   1.040   0.950    28.81     0.01 0  0
     28 2    147.66    48.26      0.00     0.00    1 1.0200000   -14.38626  138.00   1   1.060   1.000    28.25     0.00 0  0
     29 1     93.13    30.23      0.00     0.00    1 1.0129840   -16.21163  138.00   1   1.040   0.950    28.96     0.00 0  0
     30 2      0.00     0.00      0.00     0.00    1 1.0200000    -9.68565   14.00   1   1.060   1.000    28.60     0.00 0  0
     31 2      0.00     0.00      0.00     0.00    1 1.0200000    -2.43006   14.00   1   1.060   1.000    28.85     0.00 0  0
     32 2      0.00     0.00      0.00     0.00    1 1.0200000     1.79561   14.00   1   1.060   1.000    28.86     0.00 0  0
     33 2    148.45    38.55      0.00     0.00    1 1.0200000   -17.97087   14.00   1   1.060   1.000    28.90     0.00 0  0
     34 2     98.61    31.05      0.00     0.00    1 1.0200000   -19.24693   14.00   1   1.060   1.000    28.90     0.00 0  0
     35 2      0.00     0.00      0.00     0.00    1 1.0200000    -2.83873   14.00   1   1.060   1.000    28.92     0.00 0  0
     36 2      0.00     0.00      0.00     0.00    1 1.0200000     1.93129   14.00   1   1.060   1.000    28.74     0.00 0  0
     37 2      0.00     0.00      0.00     0.00    1 1.0200000   -18.33803   14.00   1   1.060   1.000    30.71     0.00 0  0
     38 2      0.00     0.00      0.00     0.00    1 1.0200000   -13.47040   14.00   1   1.060   1.000    28.96     0.00 0  0
     39 1     90.05    29.19      0.00     0.00    1 1.0028805   -22.19180  345.00   1   1.040   0.950    28.67     0.00 0  0
     40 1     90.90    27.25      0.00     0.00    1 1.0055123   -27.98441  345.00   1   1.040   0.950    28.72     0.00 0  0
     41 1    116.80    35.64      0.00     0.00    1 0.9765455   -27.58339  345.00   1   1.040   0.950    28.80     0.01 0  0
     42 1    128.97    39.76      0.00     0.00    1 1.0166985   -27.71782  345.00   1   1.040   0.950    28.76    -0.00 0  0
     43 1    119.03    37.89      0.00     0.00    1 1.0124801   -26.83147  345.00   1   1.040   0.950    28.72     0.00 0  0
     44 1     95.09    33.75      0.00     0.00    1 1.0079703    -1.34821  230.00   1   1.040   0.950    28.86    -0.00 0  0
     45 1    132.20    46.24      0.00     0.00    1 1.0130430     0.15515  345.00   1   1.040   0.950    28.86    -0.00 0  0
     46 1    118.46    37.56      0.00     0.00    1 0.9651803    -8.73034  138.00   1   1.040   0.950    28.86    -0.01 0  0
     47 1    109.09    32.36      0.00    40.00    1 0.9369082   -15.00700  138.00   1   1.040   0.950    28.85    -0.01 0  0
     48 1    128.49    37.85      0.00     0.00    1 0.9612671    -9.78553  345.00   1   1.040   0.950    28.86    -0.02 0  0
     49 2     87.06    29.65      0.00     0.00    1 1.0200000     2.82706  138.00   1   1.060   1.000    28.86     0.00 0  0
     50 1    122.56    37.10      0.00     0.00    1 0.9744979    -4.07614  138.00   1   1.040   0.950    28.86    -0.00 0  0
     51 1    110.60    39.82      0.00     0.00    1 0.9794304    -7.28797  138.00   1   1.040   0.950    28.86    -0.00 0  0
     52 2    136.76    46.15      0.00     0.00    1 1.0200000     1.34712  345.00   1   1.060   1.000    28.86     0.00 0  0
     53 1    193.71    62.67      0.00     0.00    1 0.9673281    -7.92877  138.00   1   1.040   0.950    28.86    -0.00 0  0
     54 2     98.17    35.62      0.00     0.00    1 1.0200000     2.56583  230.00   1   1.060   1.000    28.86     0.00 0  0
     55 1    130.58    41.03      0.00     0.00    1 1.0029411    -2.52122  230.00   1   1.040   0.950    28.86    -0.00 0  0
     56 2    136.68    43.18      0.00     0.00    1 1.0200000    -7.36821  345.00   1   1.060   1.000    28.84     0.00 0  0
     57 1     83.68    28.54      0.00     0.00    1 0.9397845   -12.75447  138.00   1   1.040   0.950    28.85    -0.01 0  0
     58 1    166.10    53.47      0.00     0.00    1 0.9937769    -9.05440  345.00   1   1.040   0.950    28.86    -0.00 0  0
     59 1    106.91    34.45      0.00     0.00    1 1.0059559   -11.04030  345.00   1   1.040   0.950    28.83     0.00 0  0
     60 1    118.41    39.38      0.00     0.00    1 0.9324264   -14.14395  138.00   1   1.040   0.950    28.85    -0.01 0  0
     61 1    139.33    42.64      0.00     0.00    1 0.9987686   -13.36410  230.00   1   1.040   0.950    28.84     0.01 0  0
     62 1    127.97    46.65      0.00     0.00    1 0.9847432   -10.11662  345.00   1   1.040   0.950    28.86    -0.00 0  0
