% Case saved by PowerWorld Simulator, version 19, build date July 14, 2016
function mpc = Winter68_4
mpc.version = '2';
mpc.baseMVA =  100.00;

%% bus data 
mpc.bus = [
      1 2      0.00     0.00      0.00     0.00    1 1.0200000    10.90450  345.00   1   1.060   1.000    27.66     0.00 0  0
      2 1    105.78    32.57      0.00     0.00    1 1.0138215   -12.11140  345.00   1   1.040   0.950    27.66    -0.01 0  0
      3 2      0.00     0.00      0.00     0.00    1 1.0200000     2.79407  138.00   1   1.060   1.000    26.43     0.00 0  0
      4 1     81.15    24.18      0.00     0.00    1 0.9757109   -12.38957  138.00   1   1.040   0.950    27.62    -0.00 0  0
      5 1     99.34    32.75      0.00     0.00    1 0.9899560    -9.59327  230.00   1   1.040   0.950    27.61    -0.00 0  0
      6 1     91.74    27.54      0.00     0.00    1 1.0071204    -6.34161  138.00   1   1.040   0.950    27.59     0.00 0  0
      7 2    155.57    49.97      0.00     0.00    1 1.0200000    -2.25175  138.00   1   1.060   1.000    27.61     0.00 0  0
      8 2    120.69    37.93      0.00     0.00    1 1.0200000    -5.71914  230.00   1   1.060   1.000    27.61     0.00 0  0
      9 1      0.00     0.00      0.00     0.00    1 1.0284435    -6.22589  345.00   1   1.040   0.950    27.61    -0.00 0  0
     10 3     91.81    31.09      0.00     0.00    1 1.0200000     0.00000  138.00   1   1.060   1.000    27.60     0.00 0  0
     11 1      0.00     0.00      0.00     0.00    1 1.0170045    -0.86509  138.00   1   1.040   0.950    27.60    -0.00 0  0
     12 1      2.74     0.83      0.00     0.00    1 1.0168663    -1.42358  138.00   1   1.040   0.950    27.60     0.00 0  0
     13 1      0.00     0.00      0.00     0.00    1 1.0179840    -2.78248  345.00   1   1.040   0.950    27.60     0.00 0  0
     14 1    117.84    34.01      0.00     0.00    1 1.0149986    -8.23841  230.00   1   1.040   0.950    27.60    -0.00 0  0
     15 1    139.98    41.77      0.00     0.00    1 1.0035880   -11.51159  230.00   1   1.040   0.950    27.59     0.00 0  0
     16 1    154.69    44.92      0.00     0.00    1 1.0048062   -16.74708  138.00   1   1.040   0.950    27.56     0.00 0  0
     17 1     87.45    29.46      0.00     0.00    1 0.9768884   -18.46004  138.00   1   1.040   0.950    27.41     0.04 0  0
     18 1     98.54    29.23      0.00     0.00    1 0.9711420   -11.41309  138.00   1   1.040   0.950    26.89     0.17 0  0
     19 1    101.91    33.62      0.00     0.00    1 0.9854346   -16.75088  138.00   1   1.040   0.950    27.59     0.00 0  0
     20 1    100.83    31.07      0.00     0.00    1 0.9994357   -15.48687   69.00   1   1.040   0.950    27.59     0.00 0  0
     21 1    138.53    38.63      0.00     0.00    1 0.9742344   -21.42925  138.00   1   1.040   0.950    27.59     0.00 0  0
     22 1    126.60    35.95      0.00     0.00    1 0.9946218    -8.58652  230.00   1   1.040   0.950    27.59     0.00 0  0
     23 1     96.75    30.45      0.00     0.00    1 1.0005913    -8.52655  230.00   1   1.040   0.950    27.59     0.00 0  0
     24 2    117.30    37.78      0.00     0.00    1 1.0200000   -11.15746  230.00   1   1.060   1.000    27.59     0.00 0  0
     25 1     73.10    24.59      0.00     0.00    1 1.0009553   -17.62395  230.00   1   1.040   0.950    27.63    -0.00 0  0
     26 2     89.28    24.24      0.00     0.00    1 1.0200000   -27.41324  345.00   1   1.060   1.000    27.63     0.00 0  0
     27 1     96.68    32.76      0.00     0.00    1 0.9833834   -26.55464  230.00   1   1.040   0.950    27.60     0.02 0  0
     28 2    133.72    38.69      0.00     0.00    1 1.0200000   -19.11230  138.00   1   1.060   1.000    27.67     0.00 0  0
     29 1     84.84    30.60      0.00     0.00    1 1.0144484   -21.38718  138.00   1   1.040   0.950    27.67    -0.00 0  0
     30 2      0.00     0.00      0.00     0.00    1 1.0200000   -10.58086   14.00   1   1.060   1.000    27.66     0.00 0  0
     31 2      0.00     0.00      0.00     0.00    1 1.0200000    -2.97923   14.00   1   1.060   1.000    27.59     0.00 0  0
     32 2      0.00     0.00      0.00     0.00    1 1.0200000     1.79561   14.00   1   1.060   1.000    27.60     0.00 0  0
     33 2    127.80    30.72      0.00     0.00    1 1.0200000   -12.50309   14.00   1   1.060   1.000    27.59     0.00 0  0
     34 2     83.58    26.65      0.00     0.00    1 1.0200000   -13.40304   14.00   1   1.060   1.000    27.59     0.00 0  0
     35 2      0.00     0.00      0.00     0.00    1 1.0200000    -1.10297   14.00   1   1.060   1.000    27.59     0.00 0  0
     36 2      0.00     0.00      0.00     0.00    1 1.0200000    -3.66916   14.00   1   1.060   1.000    27.59     0.00 0  0
     37 2      0.00     0.00      0.00     0.00    1 1.0200000   -16.34958   14.00   1   1.060   1.000    27.63     0.00 0  0
     38 2      0.00     0.00      0.00     0.00    1 1.0200000   -19.60295   14.00   1   1.060   1.000    27.67     0.00 0  0
     39 1     85.11    28.52      0.00     0.00    1 1.0055146   -22.43712  345.00   1   1.040   0.950    27.64    -0.01 0  0
     40 1     85.32    26.27      0.00     0.00    1 1.0065640   -28.38918  345.00   1   1.040   0.950    27.63    -0.00 0  0
     41 1    109.10    31.13      0.00     0.00    1 0.9891288   -25.73035  345.00   1   1.040   0.950    27.58     0.02 0  0
     42 1    120.42    31.57      0.00     0.00    1 1.0199694   -30.27198  345.00   1   1.040   0.950    27.64    -0.00 0  0
     43 1    112.89    38.69      0.00     0.00    1 1.0130687   -27.30861  345.00   1   1.040   0.950    27.63    -0.00 0  0
     44 1     86.26    30.40      0.00     0.00    1 1.0100987    -6.85540  230.00   1   1.040   0.950    27.61    -0.00 0  0
     45 1    121.02    34.17      0.00     0.00    1 1.0148994    -5.71626  345.00   1   1.040   0.950    27.62    -0.00 0  0
     46 1    108.54    36.42      0.00     0.00    1 0.9668689   -12.92221  138.00   1   1.040   0.950    27.61    -0.00 0  0
     47 1     99.27    34.81      0.00    20.00    1 0.9314572   -17.62804  138.00   1   1.040   0.950    27.61    -0.00 0  0
     48 1    117.50    38.68      0.00     0.00    1 0.9718245   -12.75190  345.00   1   1.040   0.950    27.62    -0.00 0  0
     49 2     79.00    30.18      0.00     0.00    1 1.0200000    -3.42988  138.00   1   1.060   1.000    27.61     0.00 0  0
     50 1    112.83    39.05      0.00     0.00    1 0.9790700    -9.24166  138.00   1   1.040   0.950    27.62    -0.00 0  0
     51 1     99.52    32.33      0.00     0.00    1 0.9957228   -10.99191  138.00   1   1.040   0.950    27.61    -0.00 0  0
     52 2    124.23    34.70      0.00     0.00    1 1.0200000    -4.85574  345.00   1   1.060   1.000    27.62     0.00 0  0
     53 1    177.17    57.14      0.00     0.00    1 0.9803921   -11.60419  138.00   1   1.040   0.950    27.61    -0.00 0  0
     54 2     87.82    35.43      0.00     0.00    1 1.0200000    -5.19181  230.00   1   1.060   1.000    27.61     0.00 0  0
     55 1    118.56    41.26      0.00     0.00    1 1.0069772    -7.50835  230.00   1   1.040   0.950    27.61    -0.00 0  0
     56 2    127.03    38.65      0.00     0.00    1 1.0200000    -7.13394  345.00   1   1.060   1.000    27.59     0.00 0  0
     57 1     75.26    28.03      0.00     0.00    1 0.9513635   -15.01677  138.00   1   1.040   0.950    27.61    -0.00 0  0
     58 1    150.35    41.29      0.00     0.00    1 0.9995313    -8.60288  345.00   1   1.040   0.950    27.59     0.00 0  0
     59 1     96.36    31.77      0.00     0.00    1 1.0107851   -10.78679  345.00   1   1.040   0.950    27.58     0.00 0  0
     60 1    107.56    37.39      0.00     0.00    1 0.9444554   -15.55310  138.00   1   1.040   0.950    27.61     0.00 0  0
     61 1    126.75    36.04      0.00     0.00    1 1.0088376   -13.41244  230.00   1   1.040   0.950    27.58     0.00 0  0
     62 1    117.01    33.09      0.00     0.00    1 0.9928773    -9.57329  345.00   1   1.040   0.950    27.59     0.00 0  0
