% Case saved by PowerWorld Simulator, version 19, build date July 14, 2016
function mpc = Spring13
mpc.version = '2';
mpc.baseMVA =  100.00;

%% bus data 
mpc.bus = [
      1 2      0.00     0.00      0.00     0.00    1 1.1088543   -22.28266  345.00   1   1.060   1.000    26.24     0.00 0  0
      2 1     85.57    25.16      0.00     0.00    1 1.0324664   -22.29007  345.00   1   1.040   0.950    26.25     0.01 0  0
      3 2      0.00     0.00      0.00     0.00    1 1.0200000   -11.13491  138.00   1   1.060   1.000    26.20     0.00 0  0
      4 1     60.45    16.12      0.00     0.00    1 0.9963972   -19.84665  138.00   1   1.040   0.950    26.15     0.00 0  0
      5 1     66.12    22.57      0.00     0.00    1 0.9995093   -17.65843  230.00   1   1.040   0.950    26.15    -0.00 0  0
      6 1     60.52    18.88      0.00     0.00    1 1.0091262   -11.76249  138.00   1   1.040   0.950    26.15     0.00 0  0
      7 2     97.28    32.77      0.00     0.00    1 1.0200000   -16.87723  138.00   1   1.060   1.000    26.15     0.00 0  0
      8 2     85.69    25.21      0.00     0.00    1 1.0200000   -15.01479  230.00   1   1.060   1.000    26.15     0.00 0  0
      9 1      0.00     0.00      0.00     0.00    1 1.0311341   -16.27252  345.00   1   1.040   0.950    26.15    -0.00 0  0
     10 3     61.99    20.29      0.00     0.00    1 1.0200000     0.00000  138.00   1   1.060   1.000    26.13     0.00 0  0
     11 1      0.00     0.00      0.00     0.00    1 1.0178092    -0.98069  138.00   1   1.040   0.950    26.13    -0.00 0  0
     12 1      1.85     0.56      0.00     0.00    1 1.0174442    -1.77308  138.00   1   1.040   0.950    26.13    -0.00 0  0
     13 1      0.00     0.00      0.00     0.00    1 1.0180887    -3.83703  345.00   1   1.040   0.950    26.13    -0.00 0  0
     14 1     83.35    23.66      0.00     0.00    1 1.0192049   -10.11156  230.00   1   1.040   0.950    26.13    -0.00 0  0
     15 1    102.76    23.21      0.00     0.00    1 1.0112592   -14.14955  230.00   1   1.040   0.950    26.15     0.00 0  0
     16 1    123.35    26.77      0.00     0.00    1 1.0095322   -16.66765  138.00   1   1.040   0.950    26.16     0.00 0  0
     17 1     61.43    19.11      0.00     0.00    1 0.9919747   -18.91800  138.00   1   1.040   0.950    26.19     0.01 0  0
     18 1     71.52    20.90      0.00     0.00    1 0.9910340   -18.11326  138.00   1   1.040   0.950    26.20     0.00 0  0
     19 1     74.69    21.82      0.00     0.00    1 0.9962119   -17.00273  138.00   1   1.040   0.950    26.02    -0.00 0  0
     20 1     71.99    23.67      0.00     0.00    1 1.0043873   -14.46082   69.00   1   1.040   0.950    26.02    -0.00 0  0
     21 1    106.64    24.78      0.00     0.00    1 0.9902420   -19.52399  138.00   1   1.040   0.950    26.11    -0.00 0  0
     22 1     94.45    25.66      0.00     0.00    1 1.0007842    -6.75026  230.00   1   1.040   0.950    26.08    -0.00 0  0
     23 1     69.24    18.62      0.00     0.00    1 1.0053609    -8.42013  230.00   1   1.040   0.950    26.09    -0.00 0  0
     24 2     82.22    24.68      0.00     0.00    1 1.0198047   -11.42229  230.00   1   1.060   1.000    26.12     0.00 0  0
     25 1     59.13    14.66      0.00     0.00    1 0.9924640   -23.97738  230.00   1   1.040   0.950    26.22     0.01 0  0
     26 2     71.17    19.55      0.00     0.00    1 1.0200000   -33.65767  345.00   1   1.060   1.000    26.49     0.00 0  0
     27 1     69.41    21.85      0.00     0.00    1 1.0013800   -31.25522  230.00   1   1.040   0.950    26.45     0.04 0  0
     28 2    111.79    34.36      0.00     0.00    1 1.0200000   -35.14903  138.00   1   1.060   1.000    27.05     0.00 0  0
     29 1     66.46    15.62      0.00     0.00    1 1.0079162   -39.09601  138.00   1   1.040   0.950    26.99    -0.00 0  0
     30 2      0.00     0.00      0.00     0.00    1 1.0216732   -20.81764   14.00   1   1.060   1.000    26.25     0.00 0  0
     31 2      0.00     0.00      0.00     0.00    1 1.0091262   -11.76249   14.00   1   1.060   1.000    26.15     0.00 0  0
     32 2      0.00     0.00      0.00     0.00    1 1.0200000     2.15131   14.00   1   1.060   1.000    26.13     0.00 0  0
     33 2     99.71    22.88      0.00     0.00    1 1.0200000   -14.22839   14.00   1   1.060   1.000    26.02     0.00 0  0
     34 2     57.85    18.95      0.00     0.00    1 1.0200000   -11.52504   14.00   1   1.060   1.000    26.02     0.00 0  0
     35 2      0.00     0.00      0.00     0.00    1 1.0167302     2.19953   14.00   1   1.060   1.000    26.08     0.00 0  0
     36 2      0.00     0.00      0.00     0.00    1 1.0200000    -5.88587   14.00   1   1.060   1.000    26.09     0.00 0  0
     37 2      0.00     0.00      0.00     0.00    1 0.9924640   -23.97738   14.00   1   1.060   1.000    26.22     0.01 0  0
     38 2      0.00     0.00      0.00     0.00    1 1.0079162   -39.09601   14.00   1   1.060   1.000    26.99    -0.00 0  0
     39 1     65.67    19.57      0.00     0.00    1 1.0229809   -29.97339  345.00   1   1.040   0.950    26.39     0.03 0  0
     40 1     67.14    20.30      0.00     0.00    1 1.0138650   -34.45677  345.00   1   1.040   0.950    26.48     0.01 0  0
     41 1     90.16    22.87      0.00     0.00    1 1.0040904   -30.36509  345.00   1   1.040   0.950    26.41     0.03 0  0
     42 1    101.08    28.33      0.00     0.00    1 1.0344971   -38.65532  345.00   1   1.040   0.950    26.66     0.02 0  0
     43 1     89.09    30.12      0.00     0.00    1 1.0182073   -33.61059  345.00   1   1.040   0.950    26.48     0.01 0  0
     44 1     56.79    19.40      0.00     0.00    1 1.0127594   -18.13794  230.00   1   1.040   0.950    26.15     0.00 0  0
     45 1     85.99    24.08      0.00     0.00    1 1.0173547   -17.92808  345.00   1   1.040   0.950    26.15     0.00 0  0
     46 1     76.74    21.29      0.00     0.00    1 0.9852298   -19.81395  138.00   1   1.040   0.950    26.15    -0.00 0  0
     47 1     68.03    20.16      0.00     0.00    1 0.9593094   -22.48665  138.00   1   1.040   0.950    26.15     0.00 0  0
     48 1     83.60    21.82      0.00     0.00    1 0.9982536   -20.27162  345.00   1   1.040   0.950    26.16     0.00 0  0
     49 2     50.80    14.44      0.00     0.00    1 1.0200000   -14.36586  138.00   1   1.060   1.000    26.15     0.00 0  0
     50 1     80.73    22.05      0.00     0.00    1 0.9976798   -18.51205  138.00   1   1.040   0.950    26.15     0.00 0  0
     51 1     66.53    19.65      0.00     0.00    1 0.9995051   -21.75226  138.00   1   1.040   0.950    26.15     0.00 0  0
     52 2     87.82    27.92      0.00     0.00    1 1.0200000   -17.73155  345.00   1   1.060   1.000    26.15     0.00 0  0
     53 1    133.27    32.30      0.00     0.00    1 0.9937086   -21.21710  138.00   1   1.040   0.950    26.15     0.00 0  0
     54 2     53.38    17.58      0.00     0.00    1 1.0200000   -14.46493  230.00   1   1.060   1.000    26.15     0.00 0  0
     55 1     83.16    24.66      0.00     0.00    1 1.0122425   -17.62169  230.00   1   1.040   0.950    26.15     0.00 0  0
     56 2     93.92    22.05      0.00     0.00    1 1.0200000   -10.43470  345.00   1   1.060   1.000    26.15     0.00 0  0
     57 1     46.29    16.25      0.00     0.00    1 0.9741795   -21.26430  138.00   1   1.040   0.950    26.15     0.00 0  0
     58 1    108.81    33.35      0.00     0.00    1 1.0067999   -11.18605  345.00   1   1.040   0.950    26.14     0.00 0  0
     59 1     64.32    21.27      0.00     0.00    1 1.0160076   -13.24904  345.00   1   1.040   0.950    26.15     0.00 0  0
     60 1     73.95    23.66      0.00     0.00    1 0.9751004   -20.02516  138.00   1   1.040   0.950    26.15     0.00 0  0
     61 1     89.76    24.84      0.00     0.00    1 1.0154675   -15.35439  230.00   1   1.040   0.950    26.15     0.00 0  0
     62 1     83.59    22.55      0.00     0.00    1 1.0025746   -11.87131  345.00   1   1.040   0.950    26.14     0.00 0  0
