% Case saved by PowerWorld Simulator, version 19, build date July 14, 2016
function mpc = Summer93
mpc.version = '2';
mpc.baseMVA =  100.00;

%% bus data 
mpc.bus = [
      1 2      0.00     0.00      0.00     0.00    1 1.0200000     1.05665  345.00   1   1.100   0.980    26.33     0.00 0  0
      2 1    121.95    40.93      0.00     0.00    1 1.0112055   -16.43643  345.00   1   1.060   0.920    26.32     0.40 0  0
      3 2      0.00     0.00      0.00     0.00    1 1.0200000    -3.77092  138.00   1   1.100   0.980    26.43     0.00 0  0
      4 1    100.25    31.13      0.00     0.00    1 0.9454922   -19.08628  138.00   1   1.060   0.920    30.29     0.05 0  0
      5 1    127.18    48.04      0.00     0.00    1 0.9689715   -13.54825  230.00   1   1.060   0.920    30.44     0.03 0  0
      6 1    118.82    38.96      0.00     0.00    1 0.9963613    -8.33418  138.00   1   1.060   0.920    30.79     0.03 0  0
      7 2    202.62    73.41      0.00     0.00    1 1.0200000    -9.77809  138.00   1   1.100   0.980    30.44     0.00 0  0
      8 2    152.72    47.93      0.00     0.00    1 1.0200000    -7.83104  230.00   1   1.100   0.980    30.42     0.00 0  0
      9 1      0.00     0.00      0.00     0.00    1 1.0222469    -9.88863  345.00   1   1.060   0.920    30.42     0.00 0  0
     10 3    117.23    40.79      0.00     0.00    1 1.0200000     0.00000  138.00   1   1.100   0.980    30.92     0.00 0  0
     11 1      0.00     0.00      0.00     0.00    1 1.0140448    -1.38088  138.00   1   1.060   0.920    30.92     0.01 0  0
     12 1      3.50     1.36      0.00     0.00    1 1.0128242    -2.35723  138.00   1   1.060   0.920    30.92     0.02 0  0
     13 1      0.00     0.00      0.00     0.00    1 1.0125303    -4.82333  345.00   1   1.060   0.920    30.93     0.04 0  0
     14 1    149.26    53.68      0.00     0.00    1 1.0033523   -13.42765  230.00   1   1.060   0.920    30.93     0.13 0  0
     15 1    175.27    54.95      0.00     0.00    1 0.9850543   -17.09040  230.00   1   1.060   0.920    30.84     0.12 0  0
     16 1    203.38    58.73      0.00     0.00    1 0.9898803   -24.47490  138.00   1   1.060   0.920    30.88     0.12 0  0
     17 1    118.21    33.43      0.00     0.00    1 0.9550065   -26.62091  138.00   1   1.060   0.920    30.22     0.16 0  0
     18 1    132.31    41.50      0.00     0.00    1 0.9396068   -20.58275  138.00   1   1.060   0.920    28.19     0.70 0  0
     19 1    136.70    36.38      0.00     0.00    1 0.9589639   -22.10960  138.00   1   1.060   0.920    31.74     0.19 0  0
     20 1    136.18    38.61      0.00     0.00    1 0.9738307   -13.63449   69.00   1   1.060   0.920    31.74     0.09 0  0
     21 1    183.87    51.75      0.00     0.00    1 0.9427398   -29.02945  138.00   1   1.060   0.920    31.95     0.43 0  0
     22 1    169.74    50.13      0.00     0.00    1 0.9768400   -15.85693  230.00   1   1.060   0.920    29.37    -0.09 0  0
     23 1    130.55    44.23      0.00     0.00    1 0.9859386   -15.04403  230.00   1   1.060   0.920    28.63     0.03 0  0
     24 2    160.32    57.91      0.00     0.00    1 1.0150042   -17.70260  230.00   1   1.100   0.980    30.88     0.13 0  0
     25 1     84.27    28.00      0.00     0.00    1 0.9890592   -17.31551  230.00   1   1.060   0.920    53.91    -1.88 0  0
     26 2    103.14    29.58      0.00     0.00    1 1.0200000   -25.93732  345.00   1   1.100   0.980    28.79     0.00 0  0
     27 1    131.23    43.77      0.00     0.00    1 0.9498011   -30.24818  230.00   1   1.060   0.920    30.04    -0.00 0  0
     28 2    161.98    53.10      0.00     0.00    1 1.0200000    -6.86528  138.00   1   1.100   0.980    30.15     0.00 0  0
     29 1    102.66    33.41      0.00     0.00    1 1.0029903     3.03297  138.00   1   1.060   0.920    30.09     0.00 0  0
     30 2      0.00     0.00      0.00     0.00    1 1.0200000   -14.41190   14.00   1   1.100   0.980    26.31     0.00 0  0
     31 2      0.00     0.00      0.00     0.00    1 1.0200000     0.32959   14.00   1   1.100   0.980    30.79     0.00 0  0
     32 2      0.00     0.00      0.00     0.00    1 1.0200000     5.76796   14.00   1   1.100   0.980    30.92     0.00 0  0
     33 2    168.64    44.18      0.00     0.00    1 1.0074348   -19.38744   14.00   1   1.100   0.980    31.71     0.17 0  0
     34 2    113.50    35.87      0.00     0.00    1 1.0200000    -5.09636   14.00   1   1.100   0.980    31.73     0.00 0  0
     35 2      0.00     0.00      0.00     0.00    1 1.0200000    -7.09892   14.00   1   1.100   0.980    29.38     0.00 0  0
     36 2      0.00     0.00      0.00     0.00    1 1.0200000    -8.09392   14.00   1   1.100   0.980    28.63     0.00 0  0
     37 2      0.00     0.00      0.00     0.00    1 1.0200000   -11.63746   14.00   1   1.100   0.980    53.97     0.00 0  0
     38 2      0.00     0.00      0.00     0.00    1 1.0200000     8.82487   14.00   1   1.100   0.980    30.10     0.00 0  0
     39 1     98.29    31.97      0.00     0.00    1 1.0080231   -23.83198  345.00   1   1.060   0.920    27.71     0.35 0  0
     40 1     98.62    29.76      0.00     0.00    1 1.0052641   -27.72668  345.00   1   1.060   0.920    28.57     0.07 0  0
     41 1    125.88    38.70      0.00     0.00    1 0.9639167   -29.39379  345.00   1   1.060   0.920    29.99    -0.02 0  0
     42 1    138.81    43.10      0.00     0.00    1 1.0088394   -24.51588  345.00   1   1.060   0.920    29.13    -0.02 0  0
     43 1    130.05    41.50      0.00     0.00    1 1.0131236   -26.47878  345.00   1   1.060   0.920    28.58     0.07 0  0
     44 1    110.81    39.75      0.00     0.00    1 1.0043829   -10.97751  230.00   1   1.060   0.920    30.40     0.02 0  0
     45 1    152.42    53.89      0.00     0.00    1 1.0101829    -9.04663  345.00   1   1.060   0.920    30.38     0.00 0  0
     46 1    136.69    43.56      0.00     0.00    1 0.9341395   -18.21333  138.00   1   1.060   0.920    30.44     0.03 0  0
     47 1    126.42    37.75      0.00     0.00    1 0.8748745   -25.51954  138.00   1   1.060   0.920    30.43     0.04 0  0
     48 1    148.11    43.83      0.00     0.00    1 0.9381933   -19.65666  345.00   1   1.060   0.920    30.23     0.03 0  0
     49 2    101.77    35.00      0.00     0.00    1 1.0200000   -10.08376  138.00   1   1.100   0.980    30.39     0.00 0  0
     50 1    141.20    43.03      0.00     0.00    1 0.9651413   -16.67089  138.00   1   1.060   0.920    30.36     0.00 0  0
     51 1    128.55    46.65      0.00     0.00    1 0.9497522   -20.89008  138.00   1   1.060   0.920    30.42     0.01 0  0
     52 2    157.74    53.58      0.00     0.00    1 1.0200000    -7.41062  345.00   1   1.100   0.980    30.38     0.00 0  0
     53 1    221.35    72.01      0.00     0.00    1 0.9409558   -20.31756  138.00   1   1.060   0.920    30.44     0.02 0  0
     54 2    115.49    42.02      0.00     0.00    1 1.0200000    -6.98185  230.00   1   1.100   0.980    30.42     0.00 0  0
     55 1    150.79    47.73      0.00     0.00    1 0.9973667   -12.70187  230.00   1   1.060   0.920    30.43     0.04 0  0
     56 2    156.72    49.93      0.00     0.00    1 1.0187295   -13.15104  345.00   1   1.100   0.980    30.84     0.08 0  0
     57 1     98.34    33.69      0.00     0.00    1 0.9048998   -24.05361  138.00   1   1.060   0.920    30.51     0.03 0  0
     58 1    190.87    61.86      0.00     0.00    1 0.9857602   -14.27963  345.00   1   1.060   0.920    30.92     0.12 0  0
     59 1    124.30    40.22      0.00     0.00    1 0.9996094   -17.12433  345.00   1   1.060   0.920    30.84     0.11 0  0
     60 1    137.14    46.04      0.00     0.00    1 0.9010878   -23.95492  138.00   1   1.060   0.920    30.57     0.01 0  0
     61 1    160.68    49.61      0.00     0.00    1 0.9887001   -19.87800  230.00   1   1.060   0.920    30.85     0.15 0  0
     62 1    147.42    54.22      0.00     0.00    1 0.9749769   -15.52361  345.00   1   1.060   0.920    30.92     0.12 0  0
