% Case saved by PowerWorld Simulator, version 19, build date July 14, 2016
function mpc = Summer90
mpc.version = '2';
mpc.baseMVA =  100.00;

%% bus data 
mpc.bus = [
      1 2      0.00     0.00      0.00     0.00    1 1.0200000     2.24565  345.00   1   1.100   0.980    27.96     0.00 0  0
      2 1    125.80    41.26      0.00     0.00    1 1.0204299   -16.07951  345.00   1   1.060   0.920    27.82     0.10 0  0
      3 2      0.00     0.00      0.00     0.00    1 1.0200000    -3.52056  138.00   1   1.100   0.980    26.43     0.00 0  0
      4 1    116.47    32.98      0.00    10.00    1 0.9887416   -20.18503  138.00   1   1.060   0.920    31.77    -0.03 0  0
      5 1    132.84    47.26      0.00     0.00    1 0.9932171   -14.59696  230.00   1   1.060   0.920    31.92     0.00 0  0
      6 1    120.02    38.74      0.00     0.00    1 1.0002177    -8.83064  138.00   1   1.060   0.920    32.24    -0.01 0  0
      7 2    200.46    69.72      0.00     0.00    1 1.0200000   -10.41161  138.00   1   1.100   0.980    31.93     0.00 0  0
      8 2    165.69    48.17      0.00     0.00    1 1.0200000    -8.47784  230.00   1   1.100   0.980    31.91     0.00 0  0
      9 1      0.00     0.00      0.00     0.00    1 1.0262063   -10.64399  345.00   1   1.060   0.920    31.91    -0.00 0  0
     10 3    123.49    40.53      0.00     0.00    1 1.0200000     0.00000  138.00   1   1.100   0.980    32.40     0.00 0  0
     11 1      0.00     0.00      0.00     0.00    1 1.0156457    -1.44568  138.00   1   1.060   0.920    32.40     0.00 0  0
     12 1      3.69     1.36      0.00     0.00    1 1.0143823    -2.46561  138.00   1   1.060   0.920    32.40     0.00 0  0
     13 1      0.00     0.00      0.00     0.00    1 1.0141036    -5.04050  345.00   1   1.060   0.920    32.40     0.00 0  0
     14 1    161.43    54.60      0.00     0.00    1 1.0081225   -13.96311  230.00   1   1.060   0.920    32.38     0.01 0  0
     15 1    196.23    57.03      0.00     0.00    1 0.9905385   -17.98466  230.00   1   1.060   0.920    32.25     0.04 0  0
     16 1    226.81    62.26      0.00     0.00    1 0.9997172   -25.35025  138.00   1   1.060   0.920    32.21     0.06 0  0
     17 1    120.86    32.63      0.00    30.00    1 0.9918293   -27.06267  138.00   1   1.060   0.920    31.31     0.18 0  0
     18 1    138.25    41.53      0.00    40.00    1 0.9928897   -20.81484  138.00   1   1.060   0.920    28.76     0.92 0  0
     19 1    143.29    36.68      0.00     0.00    1 0.9943206   -21.95532  138.00   1   1.060   0.920    33.17     0.06 0  0
     20 1    139.71    38.00      0.00     0.00    1 0.9896319   -13.34297   69.00   1   1.060   0.920    33.17     0.03 0  0
     21 1    199.21    51.94      0.00    30.00    1 1.0015870   -29.11980  138.00   1   1.060   0.920    33.25     0.19 0  0
     22 1    178.29    50.83      0.00     0.00    1 0.9954783   -15.71755  230.00   1   1.060   0.920    29.38     0.01 0  0
     23 1    134.32    43.91      0.00     0.00    1 1.0013842   -14.74671  230.00   1   1.060   0.920    30.22    -0.02 0  0
     24 2    163.83    56.35      0.00     0.00    1 1.0200000   -17.91690  230.00   1   1.100   0.980    32.33     0.00 0  0
     25 1     86.93    27.99      0.00     0.00    1 1.0084398   -17.09449  230.00   1   1.060   0.920    53.93    -1.41 0  0
     26 2    105.21    29.56      0.00     0.00    1 1.0200003   -24.43221  345.00   1   1.100   0.980    29.86     0.00 0  0
     27 1    132.77    42.44      0.00    20.00    1 1.0023949   -28.99624  230.00   1   1.060   0.920    30.97     0.02 0  0
     28 2    166.57    53.95      0.00     0.00    1 1.0200006    -3.43995  138.00   1   1.100   0.980    30.83     0.00 0  0
     29 1    102.46    33.02      0.00     0.00    1 1.0077766     6.56074  138.00   1   1.060   0.920    30.82     0.00 0  0
     30 2      0.00     0.00      0.00     0.00    1 1.0200002   -13.96424   14.00   1   1.100   0.980    27.82     0.00 0  0
     31 2      0.00     0.00      0.00     0.00    1 1.0200000     0.27224   14.00   1   1.100   0.980    32.24     0.00 0  0
     32 2      0.00     0.00      0.00     0.00    1 1.0200000     6.08249   14.00   1   1.100   0.980    32.40     0.00 0  0
     33 2    185.97    45.87      0.00     0.00    1 1.0200004   -19.21669   14.00   1   1.100   0.980    33.16     0.00 0  0
     34 2    114.38    35.19      0.00     0.00    1 1.0200030    -4.37576   14.00   1   1.100   0.980    33.16     0.00 0  0
     35 2      0.00     0.00      0.00     0.00    1 1.0200001    -6.65408   14.00   1   1.100   0.980    29.38     0.00 0  0
     36 2      0.00     0.00      0.00     0.00    1 1.0199999    -7.51266   14.00   1   1.100   0.980    30.24     0.00 0  0
     37 2      0.00     0.00      0.00     0.00    1 1.0200007   -11.19155   14.00   1   1.100   0.980    53.97     0.00 0  0
     38 2      0.00     0.00      0.00     0.00    1 1.0200005    12.65523   14.00   1   1.100   0.980    30.83     0.00 0  0
     39 1     99.53    31.43      0.00     0.00    1 1.0131914   -22.83901  345.00   1   1.060   0.920    28.92     0.15 0  0
     40 1    100.07    29.37      0.00     0.00    1 1.0062745   -26.35098  345.00   1   1.060   0.920    29.66     0.03 0  0
     41 1    130.19    39.28      0.00    20.00    1 1.0095239   -28.43856  345.00   1   1.060   0.920    30.93     0.00 0  0
     42 1    144.64    44.04      0.00     0.00    1 1.0074238   -22.48065  345.00   1   1.060   0.920    30.09    -0.02 0  0
     43 1    133.63    41.62      0.00     0.00    1 1.0140906   -25.08575  345.00   1   1.060   0.920    29.68     0.03 0  0
     44 1    114.55    38.19      0.00     0.00    1 1.0070468   -11.83031  230.00   1   1.060   0.920    31.89     0.01 0  0
     45 1    167.52    54.54      0.00     0.00    1 1.0122424    -9.84521  345.00   1   1.060   0.920    31.88    -0.00 0  0
     46 1    150.20    45.90      0.00    50.00    1 0.9872473   -19.36590  138.00   1   1.060   0.920    31.92    -0.00 0  0
     47 1    134.35    38.33      0.00    50.00    1 0.9707487   -26.46528  138.00   1   1.060   0.920    31.89    -0.01 0  0
     48 1    162.42    46.33      0.00    40.00    1 0.9876852   -20.88085  345.00   1   1.060   0.920    31.72    -0.05 0  0
     49 2    104.15    33.19      0.00     0.00    1 1.0200000   -10.87864  138.00   1   1.100   0.980    31.88     0.00 0  0
     50 1    157.97    45.09      0.00    30.00    1 0.9843088   -17.99884  138.00   1   1.060   0.920    31.85    -0.01 0  0
     51 1    130.98    45.57      0.00     0.00    1 0.9742379   -21.98237  138.00   1   1.060   0.920    31.90    -0.01 0  0
     52 2    169.47    55.05      0.00     0.00    1 1.0200000    -8.11273  345.00   1   1.100   0.980    31.87     0.00 0  0
     53 1    249.85    77.39      0.00     0.00    1 0.9709845   -21.48096  138.00   1   1.060   0.920    31.91    -0.01 0  0
     54 2    110.80    39.77      0.00     0.00    1 1.0200000    -7.55176  230.00   1   1.100   0.980    31.91     0.00 0  0
     55 1    161.13    48.00      0.00     0.00    1 1.0011537   -13.63639  230.00   1   1.060   0.920    31.91     0.02 0  0
     56 2    182.63    53.88      0.00     0.00    1 1.0200000   -13.80962  345.00   1   1.100   0.980    32.26     0.00 0  0
     57 1     96.26    32.04      0.00    50.00    1 0.9797543   -24.90325  138.00   1   1.060   0.920    31.97    -0.02 0  0
     58 1    205.60    63.93      0.00     0.00    1 0.9895265   -15.05261  345.00   1   1.060   0.920    32.35    -0.01 0  0
     59 1    127.13    40.08      0.00     0.00    1 1.0048877   -17.88307  345.00   1   1.060   0.920    32.23     0.02 0  0
     60 1    145.29    46.01      0.00    90.00    1 0.9851427   -24.93693  138.00   1   1.060   0.920    32.01    -0.05 0  0
     61 1    173.42    50.53      0.00     0.00    1 0.9961822   -20.82671  230.00   1   1.060   0.920    32.25     0.07 0  0
     62 1    161.96    55.92      0.00     0.00    1 0.9781596   -16.41364  345.00   1   1.060   0.920    32.34    -0.01 0  0
