% Case saved by PowerWorld Simulator, version 19, build date July 14, 2016
function mpc = Winter68
mpc.version = '2';
mpc.baseMVA =  100.00;

%% bus data 
mpc.bus = [
      1 2      0.00     0.00      0.00     0.00    1 1.0249312   -26.02985  345.00   1   1.100   0.980    27.65     0.00 0  0
      2 1    105.78    32.57      0.00     0.00    1 1.0231920   -26.31981  345.00   1   1.060   0.920    27.65    -0.02 0  0
      3 2      0.00     0.00      0.00     0.00    1 1.0200022   -14.75225  138.00   1   1.100   0.980    26.35     0.00 0  0
      4 1     81.15    24.18      0.00     0.00    1 0.9626565   -30.01627  138.00   1   1.060   0.920    27.61    -0.01 0  0
      5 1     99.34    32.75      0.00     0.00    1 0.9745854   -27.39637  230.00   1   1.060   0.920    27.60    -0.00 0  0
      6 1     91.74    27.54      0.00     0.00    1 1.0079549   -13.69079  138.00   1   1.060   0.920    27.58     0.00 0  0
      7 2    155.57    49.97      0.00     0.00    1 1.0200014   -26.85535  138.00   1   1.100   0.980    27.60     0.00 0  0
      8 2    120.69    37.93      0.00     0.00    1 1.0200015   -24.87030  230.00   1   1.100   0.980    27.60     0.00 0  0
      9 1      0.00     0.00      0.00     0.00    1 1.0270152   -26.39767  345.00   1   1.060   0.920    27.60    -0.00 0  0
     10 3     91.81    31.09      0.00     0.00    1 1.0200000     0.00000  138.00   1   1.100   0.980    27.58     0.00 0  0
     11 1      0.00     0.00      0.00     0.00    1 1.0159224    -1.33841  138.00   1   1.060   0.920    27.58    -0.00 0  0
     12 1      2.74     0.83      0.00     0.00    1 1.0146018    -2.42010  138.00   1   1.060   0.920    27.58    -0.00 0  0
     13 1      0.00     0.00      0.00     0.00    1 1.0137588    -5.22982  345.00   1   1.060   0.920    27.58    -0.00 0  0
     14 1    117.84    34.01      0.00     0.00    1 1.0120994   -13.83921  230.00   1   1.060   0.920    27.58    -0.00 0  0
     15 1    139.98    41.77      0.00     0.00    1 1.0033110   -18.77523  230.00   1   1.060   0.920    27.57     0.00 0  0
     16 1    154.69    44.92      0.00     0.00    1 1.0017004   -21.98371  138.00   1   1.060   0.920    27.54    -0.00 0  0
     17 1     87.45    29.46      0.00     0.00    1 0.9755286   -24.77224  138.00   1   1.060   0.920    27.38     0.04 0  0
     18 1     98.54    29.23      0.00     0.00    1 0.9711983   -24.15486  138.00   1   1.060   0.920    26.83     0.19 0  0
     19 1    101.91    33.62      0.00     0.00    1 0.9876984   -22.10742  138.00   1   1.060   0.920    27.58    -0.00 0  0
     20 1    100.83    31.07      0.00     0.00    1 0.9989508   -19.17957   69.00   1   1.060   0.920    27.58    -0.00 0  0
     21 1    138.53    38.63      0.00     0.00    1 0.9758915   -25.36640  138.00   1   1.060   0.920    27.57    -0.00 0  0
     22 1    126.60    35.95      0.00     0.00    1 0.9887837    -9.95873  230.00   1   1.060   0.920    27.58    -0.00 0  0
     23 1     96.75    30.45      0.00     0.00    1 0.9930201   -12.62025  230.00   1   1.060   0.920    27.58    -0.00 0  0
     24 2    117.30    37.78      0.00     0.00    1 1.0200014   -15.85778  230.00   1   1.100   0.980    27.58     0.00 0  0
     25 1     73.10    24.59      0.00     0.00    1 1.0033161   -26.56677  230.00   1   1.060   0.920    27.61    -0.01 0  0
     26 2     89.28    24.24      0.00     0.00    1 1.0200033   -35.61006  345.00   1   1.100   0.980    27.61     0.00 0  0
     27 1     96.68    32.76      0.00     0.00    1 0.9822587   -33.99694  230.00   1   1.060   0.920    27.58     0.02 0  0
     28 2    133.72    38.69      0.00     0.00    1 1.0200049   -27.63519  138.00   1   1.100   0.980    27.64     0.00 0  0
     29 1     84.84    30.60      0.00     0.00    1 1.0139592   -25.35149  138.00   1   1.060   0.920    27.64    -0.00 0  0
     30 2      0.00     0.00      0.00     0.00    1 1.0200023   -24.47184   14.00   1   1.100   0.980    27.65     0.00 0  0
     31 2      0.00     0.00      0.00     0.00    1 1.0200007    -8.68983   14.00   1   1.100   0.980    27.58     0.00 0  0
     32 2      0.00     0.00      0.00     0.00    1 1.0200000     2.67153   14.00   1   1.100   0.980    27.58     0.00 0  0
     33 2    127.80    30.72      0.00     0.00    1 1.0200026   -18.67344   14.00   1   1.100   0.980    27.58     0.00 0  0
     34 2     83.58    26.65      0.00     0.00    1 1.0200028   -15.63857   14.00   1   1.100   0.980    27.58     0.00 0  0
     35 2      0.00     0.00      0.00     0.00    1 1.0200028     1.25643   14.00   1   1.100   0.980    27.58     0.00 0  0
     36 2      0.00     0.00      0.00     0.00    1 1.0200024    -9.44353   14.00   1   1.100   0.980    27.58     0.00 0  0
     37 2      0.00     0.00      0.00     0.00    1 1.0200021   -24.65845   14.00   1   1.100   0.980    27.61     0.00 0  0
     38 2      0.00     0.00      0.00     0.00    1 1.0200051   -22.69023   14.00   1   1.100   0.980    27.64     0.00 0  0
     39 1     85.11    28.52      0.00     0.00    1 1.0159775   -33.27760  345.00   1   1.060   0.920    27.62    -0.01 0  0
     40 1     85.32    26.27      0.00     0.00    1 1.0089961   -37.05802  345.00   1   1.060   0.920    27.61    -0.00 0  0
     41 1    109.10    31.13      0.00     0.00    1 0.9880778   -33.29361  345.00   1   1.060   0.920    27.57     0.01 0  0
     42 1    120.42    31.57      0.00     0.00    1 1.0197766   -38.03937  345.00   1   1.060   0.920    27.62     0.00 0  0
     43 1    112.89    38.69      0.00     0.00    1 1.0154709   -35.98247  345.00   1   1.060   0.920    27.61    -0.00 0  0
     44 1     86.26    30.40      0.00     0.00    1 1.0049366   -28.48527  230.00   1   1.060   0.920    27.60    -0.00 0  0
     45 1    121.02    34.17      0.00     0.00    1 1.0137622   -28.19845  345.00   1   1.060   0.920    27.60    -0.00 0  0
     46 1    108.54    36.42      0.00     0.00    1 0.9476507   -30.59109  138.00   1   1.060   0.920    27.60    -0.00 0  0
     47 1     99.27    34.81      0.00     0.00    1 0.8998732   -34.52320  138.00   1   1.060   0.920    27.60    -0.01 0  0
     48 1    117.50    38.68      0.00     0.00    1 0.9601458   -30.54098  345.00   1   1.060   0.920    27.61    -0.02 0  0
     49 2     79.00    30.18      0.00     0.00    1 1.0200015   -24.15370  138.00   1   1.100   0.980    27.60     0.00 0  0
     50 1    112.83    39.05      0.00     0.00    1 0.9769242   -29.64012  138.00   1   1.060   0.920    27.60    -0.00 0  0
     51 1     99.52    32.33      0.00     0.00    1 0.9832801   -34.45448  138.00   1   1.060   0.920    27.60    -0.00 0  0
     52 2    124.23    34.70      0.00     0.00    1 1.0200014   -27.93192  345.00   1   1.100   0.980    27.60     0.00 0  0
     53 1    177.17    57.14      0.00     0.00    1 0.9685040   -33.18492  138.00   1   1.060   0.920    27.60    -0.00 0  0
     54 2     87.82    35.43      0.00     0.00    1 1.0200015   -24.24807  230.00   1   1.100   0.980    27.60     0.00 0  0
     55 1    118.56    41.26      0.00     0.00    1 1.0017223   -27.58398  230.00   1   1.060   0.920    27.60    -0.00 0  0
     56 2    127.03    38.65      0.00     0.00    1 1.0200007   -13.97596  345.00   1   1.100   0.980    27.57     0.00 0  0
     57 1     75.26    28.03      0.00     0.00    1 0.9290144   -32.70234  138.00   1   1.060   0.920    27.60    -0.00 0  0
     58 1    150.35    41.29      0.00     0.00    1 0.9965960   -15.06914  345.00   1   1.060   0.920    27.58    -0.00 0  0
     59 1     96.36    31.77      0.00     0.00    1 1.0108235   -17.71399  345.00   1   1.060   0.920    27.57     0.00 0  0
     60 1    107.56    37.39      0.00     0.00    1 0.9300099   -29.99449  138.00   1   1.060   0.920    27.59    -0.00 0  0
     61 1    126.75    36.04      0.00     0.00    1 1.0102151   -20.77523  230.00   1   1.060   0.920    27.57     0.00 0  0
     62 1    117.01    33.09      0.00     0.00    1 0.9899155   -16.04527  345.00   1   1.060   0.920    27.58    -0.00 0  0
