% Case saved by PowerWorld Simulator, version 19, build date July 14, 2016
function mpc = Winter12
mpc.version = '2';
mpc.baseMVA =  100.00;

%% bus data 
mpc.bus = [
      1 2      0.00     0.00      0.00     0.00    1 1.0318752   -20.99025  345.00   1   1.100   0.980    26.51     0.00 0  0
      2 1     97.25    28.43      0.00     0.00    1 1.0285310   -21.22134  345.00   1   1.060   0.920    26.51    -0.00 0  0
      3 2      0.00     0.00      0.00     0.00    1 1.0200000   -11.03335  138.00   1   1.100   0.980    26.35     0.00 0  0
      4 1     67.20    18.85      0.00     0.00    1 0.9883408   -22.04737  138.00   1   1.060   0.920    26.51    -0.00 0  0
      5 1     75.87    24.24      0.00     0.00    1 0.9921885   -19.67702  230.00   1   1.060   0.920    26.51    -0.00 0  0
      6 1     69.21    19.95      0.00     0.00    1 1.0142884    -9.93189  138.00   1   1.060   0.920    26.50     0.00 0  0
      7 2    113.78    35.70      0.00     0.00    1 1.0200000   -19.05005  138.00   1   1.100   0.980    26.51     0.00 0  0
      8 2     96.03    29.11      0.00     0.00    1 1.0200000   -17.37029  230.00   1   1.100   0.980    26.51     0.00 0  0
      9 1      0.00     0.00      0.00     0.00    1 1.0311021   -18.66269  345.00   1   1.060   0.920    26.51    -0.00 0  0
     10 3     70.76    23.33      0.00     0.00    1 1.0200000     0.00000  138.00   1   1.100   0.980    26.50     0.00 0  0
     11 1      0.00     0.00      0.00     0.00    1 1.0176561    -1.01586  138.00   1   1.060   0.920    26.50    -0.00 0  0
     12 1      2.11     0.61      0.00     0.00    1 1.0172476    -1.82904  138.00   1   1.060   0.920    26.50    -0.00 0  0
     13 1      0.00     0.00      0.00     0.00    1 1.0178802    -3.93317  345.00   1   1.060   0.920    26.50    -0.00 0  0
     14 1     93.52    25.34      0.00     0.00    1 1.0182436   -10.46753  230.00   1   1.060   0.920    26.50    -0.00 0  0
     15 1    114.09    32.02      0.00     0.00    1 1.0109642   -14.17067  230.00   1   1.060   0.920    26.50     0.00 0  0
     16 1    133.13    36.43      0.00     0.00    1 1.0081578   -17.05569  138.00   1   1.060   0.920    26.50    -0.00 0  0
     17 1     68.52    21.85      0.00     0.00    1 0.9906936   -19.32040  138.00   1   1.060   0.920    26.48     0.00 0  0
     18 1     79.08    21.90      0.00     0.00    1 0.9883536   -18.61896  138.00   1   1.060   0.920    26.41     0.02 0  0
     19 1     82.35    25.52      0.00     0.00    1 0.9981281   -16.98332  138.00   1   1.060   0.920    26.50    -0.00 0  0
     20 1     79.91    22.81      0.00     0.00    1 1.0053778   -14.51860   69.00   1   1.060   0.920    26.50    -0.00 0  0
     21 1    116.09    30.65      0.00     0.00    1 0.9909052   -19.76187  138.00   1   1.060   0.920    26.50    -0.00 0  0
     22 1    103.58    28.40      0.00     0.00    1 1.0018210    -7.10027  230.00   1   1.060   0.920    26.50    -0.00 0  0
     23 1     76.82    23.37      0.00     0.00    1 1.0032980    -9.04392  230.00   1   1.060   0.920    26.50    -0.00 0  0
     24 2     90.53    28.61      0.00     0.00    1 1.0200000   -11.87541  230.00   1   1.100   0.980    26.50     0.00 0  0
     25 1     67.20    21.49      0.00     0.00    1 1.0098920   -21.18120  230.00   1   1.060   0.920    26.51    -0.00 0  0
     26 2     80.65    20.76      0.00     0.00    1 1.0200000   -30.61099  345.00   1   1.100   0.980    26.51     0.00 0  0
     27 1     78.75    25.74      0.00     0.00    1 0.9987640   -28.53930  230.00   1   1.060   0.920    26.50     0.00 0  0
     28 2    120.63    34.29      0.00     0.00    1 1.0200000   -24.74506  138.00   1   1.100   0.980    26.50     0.00 0  0
     29 1     71.93    24.82      0.00     0.00    1 1.0163562   -22.71125  138.00   1   1.060   0.920    26.50     0.00 0  0
     30 2      0.00     0.00      0.00     0.00    1 1.0200000   -19.70468   14.00   1   1.100   0.980    26.51     0.00 0  0
     31 2      0.00     0.00      0.00     0.00    1 1.0200000    -5.83333   14.00   1   1.100   0.980    26.50     0.00 0  0
     32 2      0.00     0.00      0.00     0.00    1 1.0200000     2.20389   14.00   1   1.100   0.980    26.50     0.00 0  0
     33 2    108.24    22.83      0.00     0.00    1 1.0200000   -14.18840   14.00   1   1.100   0.980    26.50     0.00 0  0
     34 2     64.77    19.90      0.00     0.00    1 1.0200000   -11.56563   14.00   1   1.100   0.980    26.50     0.00 0  0
     35 2      0.00     0.00      0.00     0.00    1 1.0200000     2.03081   14.00   1   1.100   0.980    26.50     0.00 0  0
     36 2      0.00     0.00      0.00     0.00    1 1.0200000    -6.44420   14.00   1   1.100   0.980    26.50     0.00 0  0
     37 2      0.00     0.00      0.00     0.00    1 1.0200000   -19.61161   14.00   1   1.100   0.980    26.51     0.00 0  0
     38 2      0.00     0.00      0.00     0.00    1 1.0200000   -20.51669   14.00   1   1.100   0.980    26.50     0.00 0  0
     39 1     75.10    24.63      0.00     0.00    1 1.0205485   -28.02088  345.00   1   1.060   0.920    26.51    -0.00 0  0
     40 1     76.21    21.76      0.00     0.00    1 1.0121542   -31.81810  345.00   1   1.060   0.920    26.51    -0.00 0  0
     41 1    101.64    26.92      0.00     0.00    1 1.0022149   -28.05352  345.00   1   1.060   0.920    26.50     0.00 0  0
     42 1    113.84    28.11      0.00     0.00    1 1.0223810   -33.38200  345.00   1   1.060   0.920    26.50    -0.00 0  0
     43 1    102.11    34.49      0.00     0.00    1 1.0172005   -30.85587  345.00   1   1.060   0.920    26.51    -0.00 0  0
     44 1     65.37    21.82      0.00     0.00    1 1.0108573   -20.52572  230.00   1   1.060   0.920    26.51    -0.00 0  0
     45 1     96.62    26.23      0.00     0.00    1 1.0166630   -20.29793  345.00   1   1.060   0.920    26.51    -0.00 0  0
     46 1     86.44    27.56      0.00     0.00    1 0.9739734   -22.11708  138.00   1   1.060   0.920    26.51    -0.00 0  0
     47 1     77.23    25.79      0.00     0.00    1 0.9426002   -25.09133  138.00   1   1.060   0.920    26.51    -0.00 0  0
     48 1     93.82    29.28      0.00     0.00    1 0.9884497   -22.50012  345.00   1   1.060   0.920    26.51    -0.00 0  0
     49 2     59.04    21.67      0.00     0.00    1 1.0200000   -16.84345  138.00   1   1.100   0.980    26.51     0.00 0  0
     50 1     90.76    29.26      0.00     0.00    1 0.9912900   -21.27906  138.00   1   1.060   0.920    26.51    -0.00 0  0
     51 1     75.73    24.34      0.00     0.00    1 1.0117937   -24.87236  138.00   1   1.060   0.920    26.51    -0.00 0  0
     52 2     98.42    26.47      0.00     0.00    1 1.0200000   -20.08207  345.00   1   1.100   0.980    26.51     0.00 0  0
     53 1    146.49    45.30      0.00     0.00    1 0.9950715   -24.03928  138.00   1   1.060   0.920    26.51    -0.00 0  0
     54 2     62.89    24.96      0.00     0.00    1 1.0200000   -16.83004  230.00   1   1.100   0.980    26.51     0.00 0  0
     55 1     93.44    30.95      0.00     0.00    1 1.0095362   -19.89224  230.00   1   1.060   0.920    26.51    -0.00 0  0
     56 2    104.86    29.70      0.00     0.00    1 1.0200000   -10.41938  345.00   1   1.100   0.980    26.50     0.00 0  0
     57 1     54.47    19.65      0.00     0.00    1 0.9668558   -23.79389  138.00   1   1.060   0.920    26.51    -0.00 0  0
     58 1    120.60    31.73      0.00     0.00    1 1.0056087   -11.34490  345.00   1   1.060   0.920    26.50    -0.00 0  0
     59 1     73.33    23.68      0.00     0.00    1 1.0153633   -13.41419  345.00   1   1.060   0.920    26.50     0.00 0  0
     60 1     83.76    28.06      0.00     0.00    1 0.9659306   -22.02070  138.00   1   1.060   0.920    26.50    -0.00 0  0
     61 1    100.61    27.79      0.00     0.00    1 1.0149138   -15.77774  230.00   1   1.060   0.920    26.50     0.00 0  0
     62 1     93.67    24.90      0.00     0.00    1 1.0007896   -12.11452  345.00   1   1.060   0.920    26.50    -0.00 0  0
